	ADF effect strength initiating heroin with Rx OUD	Base survival probability H OD relative to Rx	Base survival probability Rx OD	Developing HUD rate no Rx OUD 	Developing HUD rate with Rx OUD 	Developing Rx OUD rate 	Fentanyl effect on base survival max relative to H	Fentanyl effect on OD rate H max	Fraction Nx kits to H users 	Heroin availability strength developing HUD	Heroin availability strength initiating NDHU no Rx	Heroin availability strength net quit NDHU	Initial stock correction[RXM]	Initial stock correction[NDH]	Initial stock correction[OUB]	Initial stock correction[OUM]	Initial stock correction[OUV]	Initial stock correction[OUT]	Initial stock correction[OUR]	Initial stock correction[OUS]	Initial stock correction[OHB]	Initial stock correction[OHM]	Initial stock correction[OHV]	Initial stock correction[OHT]	Initial stock correction[OHR]	Initial stock correction[OHS]	Initial stock correction[HUB]	Initial stock correction[HUM]	Initial stock correction[HUV]	Initial stock correction[HUT]	Initial stock correction[HUR]	Initial stock correction[HUS]	Initiating heroin no Rx base 	Initiating Rx misuse diverted base 	Initiation rate heroin with Rx misuse 	Initiation rate heroin with Rx OUD relative to Rx misuse	Initiation rate Rx misuse own Rx 	Net quit rate heroin with Rx misuse 	Net quit rate heroin with Rx OUD 	Net quit rate NDHU 	Net quit rate Rx misuse	NSDUH misuse redefinition fixed effect	Nx kit distribution efficiency	Overdose rate base HUD	Overdose rate NDHU relative to HUD	Overdose rate base Rx misuse	Overdose rate base Rx OUD	Overdose rate synth baseline	Perceived risk strength initiating heroin with Rx use	Perceived risk strength initiating NDHU no Rx	Perceived risk strength initiating Rx misuse diverted	Perceived risk strength initiating Rx misuse own Rx	Perceived risk strength net quit heroin with Rx OUD	Perceived risk strength net quit NDHU	Perceived risk strength net quit NDHU with Rx	Perceived risk strength net quit Rx misuse	Relapse rate HUD	Relapse rate Rx OUD relative to HUD	Remission rate Rx OUD relative to HUD	Rx availability strength developing Rx OUD	Rx availability strength initiating Rx misuse	Rx availability strength net quit Rx misuse	Rx vs H availability strength developing HUD with Rx OUD	Rx vs H availability strength initiating heroin with Rx OUD	Rx vs H availability strength initiating NDHU with Rx	Social influence strength developing HUD	Social influence strength developing Rx OUD	Social influence strength initiating heroin with Rx OUD	Social influence strength initiating NDHU no Rx	Social influence strength initiating NDHU with Rx	Social influence strength initiating Rx misuse	Time to stabilize remission	Tx seeking rate Rx OUD no H total
ADF effect strength initiating heroin with Rx OUD	1.0	-0.11567311378004207	0.07034170107562417	0.08813050099291976	0.03372709475667094	-0.07548388601606833	-0.08518131997291312	0.038308676604351596	0.12474126543274291	0.061419964186065344	0.0018359209013132966	0.014648590530375588	0.05509450983652575	0.03307734857409013	0.0922346326036431	-0.01244674966864083	-0.001674505703497419	0.02823610019331635	-0.004168730880788155	-0.03460160429019823	-0.048293585598012626	0.057349188031413534	-0.019806948120985834	0.0387878843361418	0.01840005545658174	-0.08950294021579432	0.027199096406431287	-0.1089735000889905	0.09052089922269922	-0.07283728404022155	-0.09864786871971253	0.044086786808139	0.043453952702619085	0.053767067459953626	0.015623875276157008	-0.01945837133244761	0.010346698900851355	-0.019138415220243083	0.031379427961789524	0.009627069084341276	0.1078699195145378	-0.04659200386501175	-0.05362708231679951	-0.10736223904232263	-0.0654761556591227	0.06272633664211434	0.05777287553723796	-0.10025191448143254	-0.015971401194117	-0.0355914773009476	0.0042723980335490075	-0.012215949774857515	0.041994307974721354	0.05011046038914261	0.012490459424379138	-0.05799127033170686	0.03236071792753978	-0.04630129561628259	-0.03087198949250385	0.07581424934668658	-0.010081723865748382	0.02796919895790577	-0.01638116528285914	0.15409251243798439	0.06395905963926218	-0.07693907254481501	0.023849210506596278	0.15767214908003524	-0.04806965684840097	-0.047477741055210014	-0.02740492001761444	0.006708050247163417	0.027177102402237908
Base survival probability H OD relative to Rx	-0.11567311378004207	1.0	-0.36772733967285665	-0.0670101550489857	0.009930900224228328	0.03063745691133009	0.8733750513054804	0.0972950125640723	-0.7641803524441794	-0.016271637083269872	-0.05977284959226444	-0.00647752213607895	-0.04823235119255367	0.032143149641175636	-0.035600557686898134	-0.13258714102164124	-0.0028650649605483107	-0.009081614211662247	0.0426417023166144	-0.018011123844933915	-0.12355469572983067	0.08173445570498608	-0.008494007389315553	0.07961257172375347	0.007128791080979654	0.07011919829322488	0.07507005695699344	0.05488928837153864	0.009009622281145034	-0.06782148806276668	0.08821226213854318	0.04115032949439366	0.02801742735510666	-0.030715008690644672	0.005767214658909794	0.018397685442811104	0.000569505474309009	-0.03174659831750494	-0.0764567600920295	0.03976159716386138	-0.021461451250113398	0.006508409333355507	0.34735553189767626	0.8841705718758467	-0.11342232951078855	0.007720127011342755	-0.37449815448229246	0.8605616587315991	0.37912800681919834	0.15896280410530242	-0.027199359135915403	-0.024931087785440575	-0.02566533026739375	0.06110616119140839	0.06453977665571152	0.013267256649917604	0.0405892879931201	0.08281217222765926	0.08032438373900244	0.07793417067520786	-0.03114479051907197	0.01651073646287388	-0.0045035411018388765	0.008597299850284417	-0.06705554531297944	0.034499346226420355	-0.06432845568567733	0.22570967770173905	0.13032666885950936	0.26253647534695856	0.00214068625255885	0.0190851904745304	-0.012196981283983969
Base survival probability Rx OD	0.07034170107562417	-0.36772733967285665	1.0	0.029968918018738768	0.052448665182698154	-0.027676400044099946	0.053314787506823065	-0.020422287729286375	0.5183875377006006	-0.010573113461990366	0.01247540474893986	-0.027423575348937062	0.05206898503014562	-0.06444111328511663	-0.05318161536382917	-0.018429156906165665	-0.0288265507241606	0.0055597151441600925	0.00829376477505112	-0.01164392454154609	0.03991552602596755	0.02268665216831673	-0.05766381102176564	0.010735417657563688	0.0130115587776041	-0.0626704321493494	-0.0005037965359325539	0.04911448414612451	-0.030814382630718253	-0.21806561182328166	-0.027144527822585158	0.006278056751944379	-0.003642631804578708	0.04327212135156833	0.0022514144117564494	0.008355594425562777	-0.03660616376626477	-6.247051903223226e-06	0.024342655644713055	-0.07224560181427303	0.012509134018720143	0.008002896882592304	-0.20878622427731933	0.04882195792597932	0.008486564087542845	0.08980721973128639	0.9431554058013222	0.029213098340792262	0.02485660525662135	-0.011639407020337196	-0.0523891737330794	-0.02548863212996812	0.025802297280159807	-0.01595508335689205	0.033683691836478596	-0.0157810949753789	-0.0032128669211498647	0.030864376424610866	0.04631555470645887	0.0028370125131057795	-0.005638096316324063	0.014304106512724946	-0.04293027297642346	-0.04032926958947908	0.021814099046226183	0.015400113471474745	0.046119084732161426	0.02548168585055885	0.006123754663250218	-0.012865200279580562	-0.01876625639526437	-0.011086897519521013	0.0029651861196124665
Developing HUD rate no Rx OUD 	0.08813050099291976	-0.0670101550489857	0.029968918018738768	1.0	-0.2789383767041366	-0.14967581797609483	-0.05801939539040895	-0.09723551821689168	0.055065039640425015	-0.18295732032939996	-0.025165485777379662	0.11524169609970712	0.08000782847582627	0.024280580010680185	0.02170516749110038	0.01601769997066741	-0.12080722832509676	0.09455478444086221	-0.08313905686463167	0.03511546705374271	0.008017013901857772	-0.012085760079041009	0.15388224431650208	-0.007252147943591974	0.07082981083516365	-0.025147496691359687	-0.0693108679777952	-0.0013998288240087322	0.01903724027580567	-0.060960555617393726	-0.08420067630343855	0.0720626579618388	0.0008147383468231154	-0.07216446913465799	0.029027009902498884	0.034771338166227655	-0.013362437093072298	-0.09520645546001444	0.5022134794368683	0.028750033048715987	0.08441077136844452	0.024953429507437352	-0.022825242970468954	-0.04152897825949273	-0.03835157106605979	-0.01317301303825043	0.0227408659168045	-0.05480359488958642	0.08913945968205451	-0.011933255625573675	-0.0166217155525848	0.03327000700441517	-0.050482447351704596	0.01845311209999728	0.010056514081898848	-0.06472389460079124	-0.03292520535915944	-0.04527949143727078	-0.040264946255443176	-0.05625074008312295	-0.048459340408659776	-0.10309167543871472	0.12868585346917696	-0.013877361771770165	0.07322374608785061	-0.10408760589361073	0.024856388164347744	0.06033226369662164	-0.0219199072474904	0.01700055604556219	0.05638437207179402	-0.01743298711392014	0.103616419025692
Developing HUD rate with Rx OUD 	0.03372709475667094	0.009930900224228328	0.052448665182698154	-0.2789383767041366	1.0	-0.20975033284739267	-0.014038674139933408	0.030201270177056067	0.007294609995494225	0.0016211714798065689	0.07059091888366631	-0.034569183305626944	0.3147723085565461	-0.006099593422298125	0.03909068267392	0.02933038582389734	0.05387788629162432	0.30536014599457584	-0.05291599816181187	-0.042546700957486264	0.042509690417324074	-0.06173157296105459	0.040118505368997456	0.01685931526702565	-0.07278597205128601	-0.06097612940826515	-0.04496389387852258	-0.012079687998479112	0.024301438940065048	-0.14130890929284973	-0.2064612798858253	-0.057018798972360334	-0.014310046282334371	-0.2057671110115232	0.17595647751005816	-0.017420772428704004	-0.09076077067700349	0.033714062006973786	-0.31664895000531795	0.022858165981017198	0.35623281753115077	-0.11166211408781339	0.026240722990447187	-0.01646775927809362	-0.06470010132988709	0.07185456124211279	0.01857079015458807	-0.03729956413756735	0.208551170358105	0.06774411920332392	-0.08537704475348959	0.018257011202765357	0.04866929338430587	-0.016370006721243488	0.06241462489322289	-0.23063504615819458	-0.09847002158866038	-0.041128290462664946	-0.04540823927309047	0.12149785322810283	-0.22234381180246826	-0.12249570078467842	-0.801390365633188	0.1208365657273871	0.17583592982260635	-0.14277376809589074	0.02126395640645103	0.04590042529268707	0.09484234317083613	-0.010368790407973758	0.23576940061867113	-0.03321641976834793	0.028289769213403357
Developing Rx OUD rate 	-0.07548388601606833	0.03063745691133009	-0.027676400044099946	-0.14967581797609483	-0.20975033284739267	1.0	0.0522071472059034	0.003730642888959474	-0.07041672541867755	-0.03615425791328735	-0.006934054507526401	-0.04990395441853606	-0.6383116211434412	-0.07160493592255583	-0.03718725349567597	-0.051169655630334446	-0.02235203664978562	-0.708735007970378	-0.08524985081118053	0.03342238565589701	0.05675086618153132	0.04601924931924894	-0.04047290924833399	-0.008775651314314408	-0.010961685103983225	0.01315515931824342	0.09540016350739901	0.01927135991221644	0.07475311813749673	0.1064518290178164	-0.01399554995755043	-0.0241561926971879	0.003079537658988292	0.30596006626721733	-0.12404217455195479	-0.006324537340873594	0.19969422892675598	-0.013681294985137878	-0.19354086293353437	0.009478804795446659	-0.6883559398935222	0.11950554269377875	0.04349476034736803	0.029000952127838237	-0.0005147343855231627	0.06784754753795702	-0.03243122529219041	0.04887413054103602	-0.2121787352951605	-0.12275546232849795	0.03388161579023154	-0.07108732856464521	0.0062413913002969355	-0.05693010495133635	0.02332556387021682	0.3144802696861651	0.002421465977960947	-0.012628429416040069	0.010441899828783165	-0.3001246284140007	0.31027901550299625	0.3128623412974272	-0.05209679045728424	-0.08973058630143083	-0.2595087845344179	0.028619944414691952	-0.33869572965666855	-0.1740627458452838	-0.12275199935501081	-0.05749649376298409	-0.2894552549676223	-0.11111425544132003	-0.07720957113725892
Fentanyl effect on base survival max relative to H	-0.08518131997291312	0.8733750513054804	0.053314787506823065	-0.05801939539040895	-0.014038674139933408	0.0522071472059034	1.0	0.17439020385335935	-0.6002474142934175	0.007963209639447591	-0.0443954697890336	-0.012003770207286386	-0.04774108779051104	-0.01293221340723084	-0.08875173807824727	-0.1624529202337391	-0.04502755833496088	-0.055252705828689325	0.09476694180372973	-0.034448908185131855	-0.12202254383967236	0.10986550560580631	-0.05386779825510029	0.06574096115398739	0.0036554303138573315	0.07678737153105313	0.09005924321435853	0.07172612765024358	-0.014008813605237612	-0.1900844212668021	0.060653926006632324	0.04822015180747425	0.015560473957224498	-0.010910126164879496	0.011822137977687212	-0.02977057167684281	0.005064459223286946	-0.042332406114658806	-0.11409059182907416	0.042268552192839794	-0.0438126388352831	0.00892661323344774	0.2539971682715524	0.9677327430265585	-0.13303555085221325	0.052925219885871254	0.009246520576832394	0.9616755390518097	0.3941366620103637	0.14723974821194796	-0.07249595596145346	-0.04547002140845251	-0.060101536495199795	0.06584511324241295	0.08680849346055784	0.0012292033180470797	0.03920632505742682	0.15051434701473904	0.14975530203841203	0.08556094446178927	-0.03950042998540403	0.03646503047770146	0.03383313211682759	-0.022795339513548223	-0.09221234076296735	0.07235974821915762	-0.033609181939480676	0.26502323199778133	0.1264991311537525	0.25210602334312304	-0.0038674997725861968	0.023648726902255203	-0.021843656582527706
Fentanyl effect on OD rate H max	0.038308676604351596	0.0972950125640723	-0.020422287729286375	-0.09723551821689168	0.030201270177056067	0.003730642888959474	0.17439020385335935	1.0	-0.12255693520996373	0.1329547045207995	0.04584067824971393	0.01667629939346389	0.002261128344646878	-0.03168111080037482	-0.09903299331446891	-0.1727034671171894	0.0911298576857278	-0.009306720837300348	0.09011558947882452	-0.12844212125861815	0.0295630970783139	0.04954193665328943	-0.05598657628131214	0.03554537353927412	0.01222695696622216	0.1420269197359121	0.01730887111447151	-0.06820502084434554	-0.06894332739663304	0.010522508883466597	0.09547284483718073	-0.04550992057081077	-0.047883958406904834	0.04856885023778712	0.044382485809804945	-0.06064883679403953	-0.018748647835225157	0.012344658211272026	-0.028983614515260336	0.04116977672688318	-0.012168038480975247	0.01767115913342308	0.042669234079618736	0.10845716982022151	-0.049147232250742356	0.04478490623729552	-0.056084630286287664	0.20923338898888275	0.033703053176436217	-0.03656871971879182	0.03351039029996362	-0.040594896973054496	0.016094977949139666	0.06365296820784005	0.048159129337098275	0.006570080230964216	0.07348356240023018	0.09591772040421873	0.1185140427310628	0.06382105836717329	0.031353930126319485	-0.01665195145001552	-0.04082485584703249	-0.004202216305500462	0.032510200587897164	0.09963084892110018	-0.07941551468639257	0.0765259072925767	-0.01827129969790506	-0.027530926203944647	-0.027274778577196505	0.024479992783776938	-0.04462643905357549
Fraction Nx kits to H users 	0.12474126543274291	-0.7641803524441794	0.5183875377006006	0.055065039640425015	0.007294609995494225	-0.07041672541867755	-0.6002474142934175	-0.12255693520996373	1.0	0.06780456981319075	0.02416646623252486	-0.0009222851291646204	0.04855586554081892	0.013941273889488591	0.07417089404974855	0.07618020103945643	0.05706418398619138	0.033593328219294456	-0.03514353157614129	-0.03885941151666873	0.12173252496629312	-0.05990026410241068	-0.02719649202232793	-0.025882774765829418	-0.008043710197185645	-0.07439533482848637	-0.06320828277726373	-0.03809367028853405	-0.018078008757802595	0.1002266808259143	-0.09515395178918792	-0.0366665865014599	-0.04906539267026095	0.06385348780682422	0.017273012700570786	0.005935992679746219	-0.027231331713052826	0.03799327744952381	0.10387866185813095	-0.0926705376109325	0.03396363563607322	0.01669333059335261	-0.4312886671270156	-0.611957004544649	0.10263064049123351	0.009071360511612612	0.5583097490328938	-0.6231067197342837	-0.2701565628351857	-0.12129913705878093	0.015972264011658657	0.015431210523058818	0.036523904392772644	-0.04772150704409313	-0.09152030600091468	0.004562957152685465	-0.03536691241594088	-0.04499181672171154	-0.03285534106903823	-0.017593442302992496	0.018542158290342028	0.02181242206291491	-0.004863815548967834	-0.00739734514987781	0.04590880443315396	-0.05527614042289958	0.040100384372688556	-0.16225477737712496	-0.0805399648219499	-0.18954974518085307	-0.042419265191478865	-0.027283765313071206	-0.010636674931431655
Heroin availability strength developing HUD	0.061419964186065344	-0.016271637083269872	-0.010573113461990366	-0.18295732032939996	0.0016211714798065689	-0.03615425791328735	0.007963209639447591	0.1329547045207995	0.06780456981319075	1.0	-0.0633728559681952	0.05869564067226442	0.02592711392700942	0.059487300759790473	-0.011273314346468404	0.013088695858688337	0.06190132628085487	0.031363447862233995	0.00014497637688123933	-0.04066666071547588	0.022873621613935944	0.041871010498251336	-0.0011774157503277457	-0.04201915408610237	-0.07145582994254716	0.10013604341932315	0.015515363303063174	-0.1261657744938037	0.08592054771645004	0.14281461522662886	-0.0702599243156649	-0.04717600714863734	-0.09367943499820779	0.034795156242645515	0.07002642976603353	-0.015169391114739358	-0.03769253713857869	0.02678292028181176	0.03102596758580224	-0.009288239983177963	0.062982633345237	-0.022438639492900554	-0.02800592727318921	-0.024829677444102468	0.02540881036639054	0.08567859219230464	-0.026295919487100652	-0.0033430675386868754	0.021941187819579624	-0.05308355174020699	0.01984312989615721	-0.007839493454043743	0.050242864669344946	0.048895825127661455	-0.01165240787468153	-0.011472358713684346	-0.01070196519811042	0.02127249356869827	0.02358056862225234	-0.0007978506044151027	-0.04339046736847099	0.03185835944833667	-0.00037707264831482196	0.08537151756470641	0.11739527276003422	0.09734795961099552	-0.007169505983539458	-0.010074349231948405	-0.004588887882309839	-0.108579446061021	0.028685046915081797	0.00842645799744367	-0.11954741501464577
Heroin availability strength initiating NDHU no Rx	0.0018359209013132966	-0.05977284959226444	0.01247540474893986	-0.025165485777379662	0.07059091888366631	-0.006934054507526401	-0.0443954697890336	0.04584067824971393	0.02416646623252486	-0.0633728559681952	1.0	-0.004757957141291037	0.0474581618952818	-0.06607848331146673	-0.002631409367848998	-0.017102686453634972	0.026566117256190198	-0.005254044813415732	0.1906867839972607	0.03536386690507576	-0.0021160279020807824	0.014977907802858197	0.050678347229091675	-0.032826156998300965	0.09914919739332632	-0.0006592647646931995	0.050696094933459404	0.018708377545751845	-0.07488883944127742	-0.08253940018259144	0.04418366667853945	0.004808663073049193	-0.0548493673529832	-0.03893981026913469	-0.06398929379487321	0.06167727255981741	0.0012632891191978485	-0.016147015102325385	-0.008554006125623305	-0.02204712357491545	0.0454173245217583	-0.021029824306386384	-0.025173865392969782	-0.074088731124824	0.007187428839114228	0.012037856903419996	0.008339016617691214	-0.062196365237776316	-0.0017395786921440043	0.10354607242081065	-0.02107078659930095	0.024087577821115345	-0.006151438663501708	0.04475758981303101	-0.048198044720978314	-0.06496790236221257	0.036413874027070976	0.016216394954532174	0.017633760601648188	0.002048400105973832	-0.05653640152666894	-0.03615772066570205	-0.0750374733678837	-0.016046831356904878	0.11679678762882754	-0.00564126760438638	-0.00442451128630785	-0.047991611275995986	-0.20434767170065388	-0.037980051605998516	0.08032733975319163	0.08658837824860188	-0.019159885076639047
Heroin availability strength net quit NDHU	0.014648590530375588	-0.00647752213607895	-0.027423575348937062	0.11524169609970712	-0.034569183305626944	-0.04990395441853606	-0.012003770207286386	0.01667629939346389	-0.0009222851291646204	0.05869564067226442	-0.004757957141291037	1.0	0.07831464785532101	-0.06943461733333772	-0.04685804873208614	0.06514578652008793	-0.03871802626559934	0.04741302501573958	0.033517647915546386	-0.04078331994602556	0.04733306225098868	0.11651205191979765	-0.024712021832526708	0.09668103702241027	-0.08412857185970617	0.006138446202835827	0.031086928982700702	-0.06514082593577482	0.08236669893545434	-0.03303787302653017	0.11967104945678712	0.058032547276209594	0.13371895359825056	-0.012716182853529937	0.375807242958792	-0.16467949304198887	0.022272514286733887	0.8267607833801633	0.07812371352548256	-0.17339187302280987	0.12921862162483944	0.0010072496320107681	0.024490168554071417	-0.0036647062169631256	-0.09692168313268522	-0.016254672367032014	-0.019152955026112247	-0.0012291036510104379	0.043442338936745144	-0.028410094548742156	-0.004304166971577377	0.013144460107978666	0.07101776111382771	0.17919625233425623	-0.2524828318209495	0.008891195784774798	0.06653385624903645	-0.0198238998497009	-0.019234469810526015	0.01681486643196376	-0.024696061937779453	-0.012058392733925364	0.02501610851129063	0.043570293877150314	0.1217460302683418	-0.013943502684161125	-0.06401664965728854	-0.06101168900972404	-0.08810089613680616	-0.2919582566565325	0.04518457761229554	0.04585588665365239	0.03771571020808943
Initial stock correction[RXM]	0.05509450983652575	-0.04823235119255367	0.05206898503014562	0.08000782847582627	0.3147723085565461	-0.6383116211434412	-0.04774108779051104	0.002261128344646878	0.04855586554081892	0.02592711392700942	0.0474581618952818	0.07831464785532101	1.0	0.047925224826861186	0.040189488984753385	0.020470316189847036	-0.037564514758018155	0.35668837836213496	-0.10759519564724196	-0.007804692034370674	0.02113000570348161	-0.0496635409735907	0.002918244465742877	-0.011946660828488767	-0.0678578277534983	-0.015033089441623276	-0.050842744428729325	-0.05095680144427015	-0.018828024725467494	-0.1384474959843281	0.006592881444147281	-0.06515184305767159	-0.01693134288885855	-0.5370322388983753	0.15873233380047497	-0.07153444696091145	-0.16822480095717374	0.055734685635032755	0.10675033537606989	-0.011239195661537475	0.6836758071364346	-0.16206135879952532	-0.022882977840094357	-0.024899216858186326	0.0052082066432935495	-0.06609726110104493	0.04449056528632886	-0.05341500381120572	0.2239549989177251	0.05576606219869865	-0.36987903519271054	-0.010604072539901444	0.0035214533310680904	-0.0022855524301228156	-0.008499356972694109	-0.3961210840721081	-0.025003325574817704	-0.1867237242214051	-0.19519896244775548	-0.053917455805539215	-0.4952851928364668	-0.2127099776121913	-0.02816490334623316	0.04850562958328707	0.2607052468904598	-0.07313473925776995	0.15326439175340284	0.24056842814831214	0.04217511388405291	0.023320070666467102	0.5922519507080631	0.05693318300063663	0.051587441149250776
Initial stock correction[NDH]	0.03307734857409013	0.032143149641175636	-0.06444111328511663	0.024280580010680185	-0.006099593422298125	-0.07160493592255583	-0.01293221340723084	-0.03168111080037482	0.013941273889488591	0.059487300759790473	-0.06607848331146673	-0.06943461733333772	0.047925224826861186	1.0	0.036459589548889046	-0.00216754536505386	0.053111579416590976	0.09486031400280986	-0.1431136456900945	-0.05219543146347458	-0.0874030240531689	0.06395067672976322	0.10268469392017436	0.0006317343775953853	-0.07213082917277414	-0.02093646988271753	0.011141370002568292	-0.03991463634849084	0.0918443062986002	-0.03378270476447116	-0.04947776564951988	0.02468841100830896	-0.027487083117699544	0.06444784097921126	0.1640000165658015	0.07449907818871274	-0.06491255377284516	-0.01758919492642048	0.04251654582448368	-0.058262543414416015	0.04071014435870982	-0.04907132334710868	0.01018730790157171	0.024360291873260467	-0.16773003715931883	-0.031212498246720788	-0.06652138969547187	-0.004298441919290597	0.0018777708863308706	0.011351658718173535	0.061836725969337404	-0.030888049735054834	0.04176168031692564	-0.1570958961244261	0.028905800834663965	0.037877166973455265	-0.019238967683986967	-0.11115184203957917	-0.12560897783412106	-0.04198452941480697	0.0797139856545834	-0.042019076260119546	0.030380009539053923	0.06441503309658131	-0.060363994230735636	-0.016464937574457217	7.422194541034934e-05	0.007382595749848986	0.05846665793414413	0.10430304840906637	-0.0663005397780034	-0.007014099972525894	0.017570696891099528
Initial stock correction[OUB]	0.0922346326036431	-0.035600557686898134	-0.05318161536382917	0.02170516749110038	0.03909068267392	-0.03718725349567597	-0.08875173807824727	-0.09903299331446891	0.07417089404974855	-0.011273314346468404	-0.002631409367848998	-0.04685804873208614	0.040189488984753385	0.036459589548889046	1.0	0.08013945471573024	-0.02306614727832935	0.05630433070314991	-0.06870685673470703	0.04903154746218084	0.15599641218049318	-0.13711601108410001	0.14239630824415564	0.0025952291509714303	-0.07494132983578725	0.0521485039782035	-0.020565618404956056	0.0002949158431002322	0.08877453745730961	-0.03588226304604782	-0.08139129279401235	0.0009286833075017449	-0.07776234379165319	-0.047020865581236984	-0.02438531492344925	-0.005944697334366203	-0.09491070070666245	-0.004475437806344681	-0.06386711360343693	-0.08855270014350128	0.04176709796911846	-0.018984701923799783	-0.0002540643487997611	-0.08673198757985717	0.05383151709800231	-0.10219276288509695	-0.020015224959290038	-0.10168365862350778	-0.0795145342621423	-0.1401274144152002	0.02291505459851408	-0.0620983040947422	0.15767343976999962	-0.023739855358201827	-0.09797691476363728	-0.03927274561166434	-0.06220706015301709	0.043893358490178905	0.03117426104919334	0.05376390812510083	-0.01765370138347554	-0.05137226735140519	-0.009940727696356216	-0.03140065343186646	-0.1301152153050393	-0.08356526303826836	-0.046384074102091576	-0.017678695343609073	-0.09189276879567738	0.04664537415647826	0.05438064467512595	-0.03638091514205805	0.00038465710783611504
Initial stock correction[OUM]	-0.01244674966864083	-0.13258714102164124	-0.018429156906165665	0.01601769997066741	0.02933038582389734	-0.051169655630334446	-0.1624529202337391	-0.1727034671171894	0.07618020103945643	0.013088695858688337	-0.017102686453634972	0.06514578652008793	0.020470316189847036	-0.00216754536505386	0.08013945471573024	1.0	-0.02989089105374141	-0.007977067382610873	-0.017301801830576877	0.1654692571774479	0.031911092084127186	-0.10832520730324523	0.14743304411575417	-0.0642712732592279	-0.20820764103181622	0.10454810902030921	-0.024223399202133553	0.02555088907845278	0.12194490938164246	-0.044746769828635034	0.019789348214238466	0.008274002163975934	-0.015179705124491532	-0.040427214134028916	0.03200059065131797	0.006673050527077246	0.06975095303707725	0.06254540745387524	0.018872299814998193	0.027493621192217644	0.03528576898923382	0.03717442375070923	-0.030782068166573463	-0.15662316549493244	0.17027523792455246	0.08356246402390792	-0.004693295715831411	-0.15462355769686215	-0.060227336383141	-0.06280411029883302	-0.017200601444364753	0.09184109053077603	0.07406336272248505	-0.03957421104813418	-0.09542345752165177	-0.040742778618950384	0.05191969715817412	0.014770902810389144	0.020955141859190958	-0.03707938470741756	-0.0773413017479268	0.049288628859671335	-0.04974192894776552	0.06070216828505879	-0.018550277444151286	-0.055074795763344085	0.10844102931149262	-0.09532180026911327	-0.027829787623785383	-0.07606950821229808	0.061188925658247184	0.03351468843720235	-0.03543748956861721
Initial stock correction[OUV]	-0.001674505703497419	-0.0028650649605483107	-0.0288265507241606	-0.12080722832509676	0.05387788629162432	-0.02235203664978562	-0.04502755833496088	0.0911298576857278	0.05706418398619138	0.06190132628085487	0.026566117256190198	-0.03871802626559934	-0.037564514758018155	0.053111579416590976	-0.02306614727832935	-0.02989089105374141	1.0	0.14237468215502735	-0.09471733664077349	-0.05834906023164688	0.0025167909739649973	0.1582151815782653	-0.1405537457540496	0.10436255001301016	0.01986249231668386	-0.06042824411636109	0.06857515520280968	0.11115877548588467	-0.0878467503896347	0.009521624429611538	0.11304718290334999	0.10541352226283504	0.10793817568325526	0.08209499613804512	0.05885194838885522	0.013227257484829918	-0.04553199812829728	-0.057757555022185415	-0.035454164057925966	0.08563688953595508	0.04433179775163327	0.04267762052753326	-0.05804498211671762	-0.014413211892907025	-0.1450517992344454	-0.008028699287228661	-0.017614196386146096	-0.011678292406991173	0.019835731397383545	-0.012603113848764974	0.06433947108135644	0.027901407802294772	0.11963383368655252	0.016732621250333125	0.07305893898990917	0.05237170211141844	0.01389736675602083	-0.033079306278626895	-0.02421963250167953	0.15306652346545996	0.05543276476035898	0.041788720236534085	-0.049962022365260615	0.009901352907268585	0.1578379388437666	-0.03453130761034457	-0.16021533536735882	-0.006088855253548655	-0.05944683409002705	-0.07594705752936953	-0.10397051967883117	-0.0008470037963068807	0.005525934868807218
Initial stock correction[OUT]	0.02823610019331635	-0.009081614211662247	0.0055597151441600925	0.09455478444086221	0.30536014599457584	-0.708735007970378	-0.055252705828689325	-0.009306720837300348	0.033593328219294456	0.031363447862233995	-0.005254044813415732	0.04741302501573958	0.35668837836213496	0.09486031400280986	0.05630433070314991	-0.007977067382610873	0.14237468215502735	1.0	-0.17628592447245447	-0.032621802571022616	-0.04335875632340408	-0.020419057623666168	0.017352619941360514	-0.01059781482196907	-0.01818457762657942	-0.12072059083199935	-0.09940330008673352	-0.05024888107886484	-0.016628042865970943	-0.14463152559789297	0.03845923589745519	-0.0034277628526638297	0.015236826282834957	-0.16663010786735918	0.11219353319484715	-0.015613976716747267	-0.18735060878897716	-0.0036614587638538663	0.13863388969943077	0.007503103202756143	0.6026100860375811	-0.10891959701104643	-0.013226105085552185	-0.016019075559333455	-0.15396300953510045	-0.1338989562689916	-0.018671634795833343	-0.08210601435972724	0.17813961356757976	0.13005287235501614	0.19879643495863106	0.1416740673290563	0.06002355917879979	0.05067973617116794	0.039724759177768965	-0.14763074071313453	0.003908447062210554	-0.18199264094798592	-0.1933921684825695	0.2132169796349817	-0.17829546683739872	-0.27206120286081187	-0.04975711954854775	0.11163976615267254	0.28937519999568556	-0.07419308611189314	0.037217757512754995	0.11040706259214988	0.13112127331934245	0.013112801970059852	0.12493749330957693	0.08093256210839574	0.06298592694531248
Initial stock correction[OUR]	-0.004168730880788155	0.0426417023166144	0.00829376477505112	-0.08313905686463167	-0.05291599816181187	-0.08524985081118053	0.09476694180372973	0.09011558947882452	-0.03514353157614129	0.00014497637688123933	0.1906867839972607	0.033517647915546386	-0.10759519564724196	-0.1431136456900945	-0.06870685673470703	-0.017301801830576877	-0.09471733664077349	-0.17628592447245447	1.0	-0.013500554036255063	-0.028876776104116715	0.036722966472425504	-0.03232217516984292	-0.11625057211444345	0.14158454958067188	0.05790025226020115	-0.06104508419062467	0.04680938955094187	-0.06988471844655626	0.047033461510388855	-0.06767631192507152	0.08817767382135389	-0.08982753455589712	0.026296350750882297	-0.03063753750418131	-0.02984025448209846	0.06262390560219275	0.04712921433580282	-0.07709667976430197	-0.002282502290748001	-0.11425000457796694	-0.005713657302406147	-0.022726032118944653	0.03494558717102609	0.10081675835313812	0.09557709994637079	0.008195347891620514	0.08860574186777183	-0.01659669748314627	0.006403675466285819	-0.04162557311691211	-0.02518702314888107	-0.10153589952758603	0.14216554808424484	-0.09154892462022109	0.04531831676802899	-0.06656040852748504	0.40165870317047125	0.34656127679660836	0.19135714397813722	-0.05220131534905453	0.09966883840277507	0.009849157859990947	-0.0816333680095541	-0.020134120334248287	0.15947374940603065	0.12314272908386108	-0.00972292902071618	-0.007082019457639836	-0.05160884959710305	0.019190723948832426	0.27018535970017127	-0.036197018887853795
Initial stock correction[OUS]	-0.03460160429019823	-0.018011123844933915	-0.01164392454154609	0.03511546705374271	-0.042546700957486264	0.03342238565589701	-0.034448908185131855	-0.12844212125861815	-0.03885941151666873	-0.04066666071547588	0.03536386690507576	-0.04078331994602556	-0.007804692034370674	-0.05219543146347458	0.04903154746218084	0.1654692571774479	-0.05834906023164688	-0.032621802571022616	-0.013500554036255063	1.0	0.12147793394655668	-0.07086191035666296	-0.028730107440191045	0.06890637069185059	-0.02264092944994037	0.013777047147694085	-0.0741719460179768	0.018826621907803938	0.15018112493597172	-0.019415814370412746	0.1107558344066748	0.0351697915610879	-0.006896884450886336	0.010173064727465975	-0.026082124731882345	0.024223572281114294	-0.001961879938590276	-0.06433274923515377	0.14183302019878946	0.05158218304565197	-0.006871758956262298	-0.05090114840671159	0.005395861720204116	-0.02600112950839032	0.033972631907845205	-0.07762041640385023	-0.016846015324746492	-0.04135980132661252	0.07872697872020401	0.06756887788302657	0.05980270257888044	0.016912291626991142	-0.008299958528296791	-0.019592544296764894	0.010948649904372113	-0.05151616368983144	0.03476521189086342	-0.10228300859282534	-0.130140975175583	-0.088102897832734	0.03663358578375207	-0.04608751967402258	-0.0020997548196944726	-0.04929414212470883	-0.00959962607998189	0.008070429968158663	-0.06932694687815923	0.09237542307957901	0.037966170319258176	0.0732430022284547	0.01892899257366676	0.37716596267904134	0.021292385762578428
Initial stock correction[OHB]	-0.048293585598012626	-0.12355469572983067	0.03991552602596755	0.008017013901857772	0.042509690417324074	0.05675086618153132	-0.12202254383967236	0.0295630970783139	0.12173252496629312	0.022873621613935944	-0.0021160279020807824	0.04733306225098868	0.02113000570348161	-0.0874030240531689	0.15599641218049318	0.031911092084127186	0.0025167909739649973	-0.04335875632340408	-0.028876776104116715	0.12147793394655668	1.0	-0.09074156536110965	-0.12307343321037259	0.09721755730146982	0.03581830895516549	-0.05727656913974576	-0.026756796393415088	0.06644472318215744	0.013626038255377759	0.0324317868109261	-0.13709689427633637	-0.012206726060839551	-0.04029961146477691	-0.010758786944600644	0.05411652208655208	-7.467840152589629e-05	0.006522219901075604	0.02810534634628396	-0.0029752188073147523	0.06428020931966977	-0.011314687954043697	0.015026967483192776	-0.0596313318318519	-0.11600579130843829	0.05304553874443131	-0.003971871922783682	0.042573734651016104	-0.10287005433996894	-0.06690786745999192	-0.0847355267528437	0.01755022736070222	0.03264243187816164	0.15293373332695664	0.032917078392219266	-0.05392194468209897	0.00562368154345185	-0.014587679027360712	-0.03737053957343538	-0.03532397149022288	-0.025513741388522856	0.036421246031783934	0.0038439882721142504	-0.03366740970576311	-0.08084136809906264	-0.005590176190491723	-0.021278703495218734	-0.08887206564150797	-0.056117487877844645	-0.05624499852259619	-0.058410038410788276	0.023549989122189918	0.019484243915518524	0.12537946301439473
Initial stock correction[OHM]	0.057349188031413534	0.08173445570498608	0.02268665216831673	-0.012085760079041009	-0.06173157296105459	0.04601924931924894	0.10986550560580631	0.04954193665328943	-0.05990026410241068	0.041871010498251336	0.014977907802858197	0.11651205191979765	-0.0496635409735907	0.06395067672976322	-0.13711601108410001	-0.10832520730324523	0.1582151815782653	-0.020419057623666168	0.036722966472425504	-0.07086191035666296	-0.09074156536110965	1.0	-0.10208641893247145	0.04408090564088437	-0.07607949132517991	-0.07412400095196861	0.16328336772611704	-0.011011642403255804	0.005147192063383053	0.017059137785815373	0.026645973485390023	0.0016092498680760137	0.1687434892899875	0.04499106573365067	0.05519498198313812	-0.012244446365393692	-0.021312839738714392	0.0870949385902531	-0.0459507331200644	-0.015656379031894083	-0.028531486653442066	-0.011376315395708004	-0.01116697911201154	0.11022988885694536	-0.17929684545215763	0.03182008863984768	0.0207725875461184	0.1236497378740007	0.04177800311503616	-0.02414090687257538	-0.026431529576145005	-0.02301980129166571	0.07438121257446188	-0.052853967911297275	-0.04099309587736164	0.06774006789875697	0.015212466414359783	0.03057536058272638	0.02889029556721394	0.08602151752546723	0.05739121747702564	0.06466086734035295	0.03966429411263907	0.15501473831897367	0.04561991006270807	0.055740205761613766	-0.11116469998151432	-0.00687214564369748	-0.10969205505934539	-0.037597832987509655	-0.10240199778519692	-0.04919521936340511	0.03819924436061124
Initial stock correction[OHV]	-0.019806948120985834	-0.008494007389315553	-0.05766381102176564	0.15388224431650208	0.040118505368997456	-0.04047290924833399	-0.05386779825510029	-0.05598657628131214	-0.02719649202232793	-0.0011774157503277457	0.050678347229091675	-0.024712021832526708	0.002918244465742877	0.10268469392017436	0.14239630824415564	0.14743304411575417	-0.1405537457540496	0.017352619941360514	-0.03232217516984292	-0.028730107440191045	-0.12307343321037259	-0.10208641893247145	1.0	-0.138658619961068	-0.11105231078947206	0.015536199612354584	0.05100871136866835	-0.0879986290958528	0.12811433448358167	0.024897605540414085	-0.14440558130186787	-0.023962849375952396	-0.11962957444932233	-0.03848173847305786	0.012021834150924001	0.032943710772651964	-0.04182150109725812	-0.017064753126004455	0.07081848072998015	-0.03768379216154011	0.02274314710110383	-0.0006936096649770505	0.037188640039123595	-0.04346083289647565	0.03286904018810671	0.10787716526389775	-0.06925938446601998	-0.06265902298120873	0.0002841599603085199	-0.1101004525858041	0.03515473586846904	-0.02692083224741017	-0.0370388695619928	0.010496176385331835	-0.08949165509020678	-0.041855499655915375	0.0025193071241063052	0.02181355419403364	0.03937687782598049	0.010399647084888093	-0.027870093008080514	-0.0220025388012176	-0.054215137604391735	0.033755827488433574	-0.027759618328676947	-0.09382917847043143	0.09078901375098215	-0.055519201372917173	-0.0812989894908027	0.015179665096198081	0.06939915624095423	-0.11479636694957357	0.02737662560775176
Initial stock correction[OHT]	0.0387878843361418	0.07961257172375347	0.010735417657563688	-0.007252147943591974	0.01685931526702565	-0.008775651314314408	0.06574096115398739	0.03554537353927412	-0.025882774765829418	-0.04201915408610237	-0.032826156998300965	0.09668103702241027	-0.011946660828488767	0.0006317343775953853	0.0025952291509714303	-0.0642712732592279	0.10436255001301016	-0.01059781482196907	-0.11625057211444345	0.06890637069185059	0.09721755730146982	0.04408090564088437	-0.138658619961068	1.0	0.0480202853722274	-0.07713507081789134	-0.001765448487564852	0.005946044064352021	-0.05400795891446445	-0.03494142696429915	-0.05674893452145726	0.14324859403988477	0.11232731384951328	0.08427730972833923	0.2182181061028401	-0.023640484539486514	0.0022048605397067466	0.12871444120414624	-0.0006776249416010119	-0.04199665170482888	0.08350457987753246	0.01140223987259375	-0.00748028065207649	0.07877519411524109	-0.034566474959806	-0.0798266746598478	0.002008043945071791	0.08236529173158967	0.159635583226431	0.06764707458643665	0.07773839150575135	0.0006173733396140826	0.08165117234745442	0.03620639781196507	-0.09399646868369688	-0.07334213875876215	-0.018130492148643335	-0.007144094376913657	-0.0074451934840204246	0.030906093709342882	0.08602595783655188	-0.12347740498956404	0.004183503829950205	0.12038123897508518	0.008046742538775955	0.05329345028460135	-0.13626375493639487	0.14895324760186401	0.04115326678264688	0.12137787636282302	-0.06934701405962818	0.047519844050826765	0.05539999192113791
